0 0 0.0000e+00 0.0000e+00
100 2 1.0385e+00 5.8816e-01
200 2 1.8368e+00 9.2112e-01
300 2 2.1133e+00 1.0862e+00
400 2 2.0863e+00 1.0645e+00
500 2 2.0616e+00 1.0450e+00
600 2 2.1577e+00 1.1205e+00
700 2 2.3662e+00 1.2205e+00
800 2 2.3673e+00 1.1954e+00
900 3 2.6198e+00 1.2317e+00
1000 3 3.0395e+00 1.2478e+00
1100 4 4.2424e+00 1.8464e+00
1200 3 4.5958e+00 2.2575e+00
1300 4 4.1350e+00 1.8601e+00
1400 3 3.0371e+00 1.1957e+00
1500 3 2.6635e+00 1.1648e+00
1600 3 2.4498e+00 1.2059e+00
1700 4 2.4671e+00 1.1529e+00
1800 5 2.7956e+00 1.1552e+00
1900 6 2.7936e+00 1.1464e+00
2000 6 2.8063e+00 1.1952e+00
2100 6 2.7397e+00 1.2386e+00
2200 5 2.6875e+00 1.2131e+00
2300 5 2.7281e+00 1.2023e+00
2400 5 2.7897e+00 1.2230e+00
2500 5 2.7948e+00 1.1783e+00
2600 5 2.7828e+00 1.1714e+00
2700 6 2.8092e+00 1.1313e+00
2800 5 2.8018e+00 1.0942e+00
2900 5 2.5648e+00 1.1014e+00
3000 5 3.0020e+00 1.1638e+00
